X0		|X1		|X2		|X3		|Y		|Yesp		|
0.51	|0.35	|0.14	|0.02	|0.99	|1	|
0.49	|0.3	|0.14	|0.02	|0.99	|1	|
0.47	|0.32	|0.13	|0.02	|0.99	|1	|
0.46	|0.31	|0.15	|0.02	|0.98	|1	|
0.5	|0.36	|0.14	|0.02	|0.99	|1	|
0.54	|0.39	|0.17	|0.04	|0.99	|1	|
0.46	|0.34	|0.14	|0.03	|0.99	|1	|
0.5	|0.34	|0.15	|0.02	|0.99	|1	|
0.44	|0.29	|0.14	|0.02	|0.98	|1	|
0.49	|0.31	|0.15	|0.01	|0.99	|1	|
0.54	|0.37	|0.15	|0.02	|0.99	|1	|
0.48	|0.34	|0.16	|0.02	|0.99	|1	|
0.48	|0.3	|0.14	|0.01	|0.99	|1	|
0.43	|0.3	|0.11	|0.01	|0.99	|1	|
0.58	|0.4	|0.12	|0.02	|0.99	|1	|
0.57	|0.44	|0.15	|0.04	|0.99	|1	|
0.54	|0.39	|0.13	|0.04	|0.99	|1	|
0.51	|0.35	|0.14	|0.03	|0.99	|1	|
0.57	|0.38	|0.17	|0.03	|0.99	|1	|
0.51	|0.38	|0.15	|0.03	|0.99	|1	|
0.54	|0.34	|0.17	|0.02	|0.99	|1	|
0.51	|0.37	|0.15	|0.04	|0.99	|1	|
0.46	|0.36	|0.1	|0.02	|0.99	|1	|
0.51	|0.33	|0.17	|0.05	|0.98	|1	|
0.48	|0.34	|0.19	|0.02	|0.98	|1	|
0.5	|0.3	|0.16	|0.02	|0.98	|1	|
0.5	|0.34	|0.16	|0.04	|0.99	|1	|
0.52	|0.35	|0.15	|0.02	|0.99	|1	|
0.52	|0.34	|0.14	|0.02	|0.99	|1	|
0.47	|0.32	|0.16	|0.02	|0.98	|1	|
0.48	|0.31	|0.16	|0.02	|0.98	|1	|
0.54	|0.34	|0.15	|0.04	|0.99	|1	|
0.52	|0.41	|0.15	|0.01	|0.99	|1	|
0.55	|0.42	|0.14	|0.02	|0.99	|1	|
0.49	|0.31	|0.15	|0.01	|0.99	|1	|
0.5	|0.32	|0.12	|0.02	|0.99	|1	|
0.55	|0.35	|0.13	|0.02	|0.99	|1	|
0.49	|0.31	|0.15	|0.01	|0.99	|1	|
0.44	|0.3	|0.13	|0.02	|0.99	|1	|
0.51	|0.34	|0.15	|0.02	|0.99	|1	|
0.5	|0.35	|0.13	|0.03	|0.99	|1	|
0.45	|0.23	|0.13	|0.03	|0.97	|1	|
0.44	|0.32	|0.13	|0.02	|0.99	|1	|
0.5	|0.35	|0.16	|0.06	|0.98	|1	|
0.51	|0.38	|0.19	|0.04	|0.99	|1	|
0.48	|0.3	|0.14	|0.03	|0.98	|1	|
0.51	|0.38	|0.16	|0.02	|0.99	|1	|
0.46	|0.32	|0.14	|0.02	|0.99	|1	|
0.53	|0.37	|0.15	|0.02	|0.99	|1	|
0.5	|0.33	|0.14	|0.02	|0.99	|1	|
0.7	|0.32	|0.47	|0.14	|-0.31	|0	|
0.64	|0.32	|0.45	|0.15	|-0.35	|0	|
0.69	|0.31	|0.49	|0.15	|-0.4	|0	|
0.55	|0.23	|0.4	|0.13	|-0.89	|0	|
0.65	|0.28	|0.46	|0.15	|-0.58	|0	|
0.57	|0.28	|0.45	|0.13	|-0.96	|0	|
0.63	|0.33	|0.47	|0.16	|-0.73	|0	|
0.49	|0.24	|0.33	|0.1	|-0.23	|0	|
0.66	|0.29	|0.46	|0.13	|-0.32	|0	|
0.52	|0.27	|0.39	|0.14	|-0.91	|0	|
0.5	|0.2	|0.35	|0.1	|-0.49	|0	|
0.59	|0.3	|0.42	|0.15	|-0.5	|0	|
0.6	|0.22	|0.4	|0.1	|-0.3	|0	|
0.61	|0.29	|0.47	|0.14	|-0.92	|0	|
0.56	|0.29	|0.36	|0.13	|-0.25	|0	|
0.67	|0.31	|0.44	|0.14	|-0.3	|0	|
0.56	|0.3	|0.45	|0.15	|-0.99	|0	|
0.58	|0.27	|0.41	|0.1	|-0.29	|0	|
0.62	|0.22	|0.45	|0.15	|-0.99	|0	|
0.56	|0.25	|0.39	|0.11	|-0.32	|0	|
0.59	|0.32	|0.48	|0.18	|-1.0	|0	|
0.61	|0.28	|0.4	|0.13	|-0.29	|0	|
0.63	|0.25	|0.49	|0.15	|-1.0	|0	|
0.61	|0.28	|0.47	|0.12	|-0.74	|0	|
0.64	|0.29	|0.43	|0.13	|-0.3	|0	|
0.66	|0.3	|0.44	|0.14	|-0.3	|0	|
0.68	|0.28	|0.48	|0.14	|-0.42	|0	|
0.67	|0.3	|0.5	|0.17	|-0.97	|0	|
0.6	|0.29	|0.45	|0.15	|-0.9	|0	|
0.57	|0.26	|0.35	|0.1	|-0.28	|0	|
0.55	|0.24	|0.38	|0.11	|-0.33	|0	|
0.55	|0.24	|0.37	|0.1	|-0.28	|0	|
0.58	|0.27	|0.39	|0.12	|-0.28	|0	|
0.6	|0.27	|0.51	|0.16	|-1.0	|0	|
0.54	|0.3	|0.45	|0.15	|-1.0	|0	|
0.6	|0.34	|0.45	|0.16	|-0.69	|0	|
0.67	|0.31	|0.47	|0.15	|-0.36	|0	|
0.63	|0.23	|0.44	|0.13	|-0.59	|0	|
0.56	|0.3	|0.41	|0.13	|-0.41	|0	|
0.55	|0.25	|0.4	|0.13	|-0.76	|0	|
0.55	|0.26	|0.44	|0.12	|-0.98	|0	|
0.61	|0.3	|0.46	|0.14	|-0.74	|0	|
0.58	|0.26	|0.4	|0.12	|-0.32	|0	|
0.5	|0.23	|0.33	|0.1	|-0.24	|0	|
0.56	|0.27	|0.42	|0.13	|-0.79	|0	|
0.57	|0.3	|0.42	|0.12	|-0.35	|0	|
0.57	|0.29	|0.42	|0.13	|-0.5	|0	|
0.62	|0.29	|0.43	|0.13	|-0.31	|0	|
0.51	|0.25	|0.3	|0.11	|-0.18	|0	|
0.57	|0.28	|0.41	|0.13	|-0.44	|0	|
0.63	|0.33	|0.6	|0.25	|-1.0	|-1	|
0.58	|0.27	|0.51	|0.19	|-1.0	|-1	|
0.71	|0.3	|0.59	|0.21	|-1.0	|-1	|
0.63	|0.29	|0.56	|0.18	|-1.0	|-1	|
0.65	|0.3	|0.58	|0.22	|-1.0	|-1	|
0.76	|0.3	|0.66	|0.21	|-1.0	|-1	|
0.49	|0.25	|0.45	|0.17	|-1.0	|-1	|
0.73	|0.29	|0.63	|0.18	|-1.0	|-1	|
0.67	|0.25	|0.58	|0.18	|-1.0	|-1	|
0.72	|0.36	|0.61	|0.25	|-1.0	|-1	|
0.65	|0.32	|0.51	|0.2	|-1.0	|-1	|
0.64	|0.27	|0.53	|0.19	|-1.0	|-1	|
0.68	|0.3	|0.55	|0.21	|-1.0	|-1	|
0.57	|0.25	|0.5	|0.2	|-1.0	|-1	|
0.58	|0.28	|0.51	|0.24	|-1.0	|-1	|
0.64	|0.32	|0.53	|0.23	|-1.0	|-1	|
0.65	|0.3	|0.55	|0.18	|-1.0	|-1	|
0.77	|0.38	|0.67	|0.22	|-1.0	|-1	|
0.77	|0.26	|0.69	|0.23	|-1.0	|-1	|
0.6	|0.22	|0.5	|0.15	|-1.0	|-1	|
0.69	|0.32	|0.57	|0.23	|-1.0	|-1	|
0.56	|0.28	|0.49	|0.2	|-1.0	|-1	|
0.77	|0.28	|0.67	|0.2	|-1.0	|-1	|
0.63	|0.27	|0.49	|0.18	|-1.0	|-1	|
0.67	|0.33	|0.57	|0.21	|-1.0	|-1	|
0.72	|0.32	|0.6	|0.18	|-1.0	|-1	|
0.62	|0.28	|0.48	|0.18	|-1.0	|-1	|
0.61	|0.3	|0.49	|0.18	|-1.0	|-1	|
0.64	|0.28	|0.56	|0.21	|-1.0	|-1	|
0.72	|0.3	|0.58	|0.16	|-1.0	|-1	|
0.74	|0.28	|0.61	|0.19	|-1.0	|-1	|
0.79	|0.38	|0.64	|0.2	|-1.0	|-1	|
0.64	|0.28	|0.56	|0.22	|-1.0	|-1	|
0.63	|0.28	|0.51	|0.15	|-1.0	|-1	|
0.61	|0.26	|0.56	|0.14	|-1.0	|-1	|
0.77	|0.3	|0.61	|0.23	|-1.0	|-1	|
0.63	|0.34	|0.56	|0.24	|-1.0	|-1	|
0.64	|0.31	|0.55	|0.18	|-1.0	|-1	|
0.6	|0.3	|0.48	|0.18	|-1.0	|-1	|
0.69	|0.31	|0.54	|0.21	|-1.0	|-1	|
0.67	|0.31	|0.56	|0.24	|-1.0	|-1	|
0.69	|0.31	|0.51	|0.23	|-1.0	|-1	|
0.58	|0.27	|0.51	|0.19	|-1.0	|-1	|
0.68	|0.32	|0.59	|0.23	|-1.0	|-1	|
0.67	|0.33	|0.57	|0.25	|-1.0	|-1	|
0.67	|0.3	|0.52	|0.23	|-1.0	|-1	|
0.63	|0.25	|0.5	|0.19	|-1.0	|-1	|
0.65	|0.3	|0.52	|0.2	|-1.0	|-1	|
0.62	|0.34	|0.54	|0.23	|-1.0	|-1	|
0.59	|0.3	|0.51	|0.18	|-1.0	|-1	|
